
----------
Container D1 

First Frame Detected: 1594500698.083296

Data 	 Time Detect 	 Time Decode 	 Diff Time  	 Before Data 	 Diff Before Detection 
3 	 1594500701.1502726 	 1594500701.1531663 	 0.002893686294555664 	 2 	 1.12227463722229
4 	 1594500703.146046 	 1594500703.1483335 	 0.002287626266479492 	 3 	 1.128950834274292
5 	 1594500705.088951 	 1594500705.0911586 	 0.002207517623901367 	 4 	 1.1027417182922363
6 	 1594500707.1796424 	 1594500707.1830027 	 0.003360271453857422 	 5 	 1.1323292255401611
7 	 1594500709.1283083 	 1594500709.1303313 	 0.002022981643676758 	 6 	 1.1066968441009521
8 	 1594500711.171069 	 1594500711.1730762 	 0.0020072460174560547 	 7 	 1.2074365615844727
9 	 1594500713.1081214 	 1594500713.1100676 	 0.0019462108612060547 	 8 	 1.1002988815307617
10 	 1594500715.1622999 	 1594500715.1642172 	 0.0019173622131347656 	 9 	 1.2082476615905762

----------
Container D2 

First Frame Detected: 1594500697.18413

Data 	 Time Detect 	 Time Decode 	 Diff Time  	 Before Data 	 Diff Before Detection 
2 	 1594500699.137453 	 1594500699.1401012 	 0.0026481151580810547 	 1 	 1.026090145111084
3 	 1594500701.1290839 	 1594500701.1314535 	 0.0023696422576904297 	 2 	 1.1197199821472168
4 	 1594500703.1321836 	 1594500703.134609 	 0.0024254322052001953 	 3 	 1.023726224899292
5 	 1594500705.1864657 	 1594500705.1883895 	 0.0019237995147705078 	 4 	 1.1021411418914795
6 	 1594500707.1606026 	 1594500707.1629593 	 0.0023567676544189453 	 5 	 1.129526138305664
7 	 1594500709.2207003 	 1594500709.2236972 	 0.0029969215393066406 	 6 	 1.1092140674591064
8 	 1594500711.153004 	 1594500711.1549895 	 0.0019855499267578125 	 7 	 1.095658779144287
9 	 1594500713.1887465 	 1594500713.1906374 	 0.0018908977508544922 	 8 	 1.0904757976531982
10 	 1594500715.1432714 	 1594500715.1454237 	 0.0021522045135498047 	 9 	 1.1035230159759521

----------
Container D3 

First Frame Detected: 1594500698.218945

Data 	 Time Detect 	 Time Decode 	 Diff Time  	 Before Data 	 Diff Before Detection 
3 	 1594500701.2379303 	 1594500701.240169 	 0.002238750457763672 	 2 	 1.1437010765075684
4 	 1594500703.1938503 	 1594500703.1967037 	 0.0028533935546875 	 3 	 1.0764973163604736
5 	 1594500705.270641 	 1594500705.2889502 	 0.01830911636352539 	 4 	 1.230027437210083
6 	 1594500707.2307086 	 1594500707.2470326 	 0.01632404327392578 	 5 	 1.1877491474151611
7 	 1594500709.2090833 	 1594500709.2111819 	 0.002098560333251953 	 6 	 1.0985112190246582
8 	 1594500711.2486746 	 1594500711.250596 	 0.0019214153289794922 	 7 	 1.1813523769378662
9 	 1594500713.2664928 	 1594500713.2765696 	 0.010076761245727539 	 8 	 1.1693611145019531
10 	 1594500715.235255 	 1594500715.2463033 	 0.011048316955566406 	 9 	 1.0968458652496338

----------
Container D4 

First Frame Detected: 1594500697.307786

Data 	 Time Detect 	 Time Decode 	 Diff Time  	 Before Data 	 Diff Before Detection 
2 	 1594500699.2733607 	 1594500699.27835 	 0.0049893856048583984 	 1 	 1.0827481746673584
3 	 1594500701.3170757 	 1594500701.3197827 	 0.0027070045471191406 	 2 	 1.1528267860412598
4 	 1594500703.2917118 	 1594500703.3065367 	 0.014824867248535156 	 3 	 1.10841965675354
5 	 1594500705.2875178 	 1594500705.2902954 	 0.002777576446533203 	 4 	 1.0956504344940186
6 	 1594500707.234179 	 1594500707.2365503 	 0.0023713111877441406 	 5 	 1.066941261291504
7 	 1594500709.2993627 	 1594500709.3135312 	 0.014168500900268555 	 6 	 1.0792913436889648
8 	 1594500711.2444375 	 1594500711.246736 	 0.002298593521118164 	 7 	 1.059098720550537
9 	 1594500713.2592978 	 1594500713.261211 	 0.0019130706787109375 	 8 	 1.1514201164245605
10 	 1594500715.2262385 	 1594500715.2381132 	 0.011874675750732422 	 9 	 1.1008644104003906

----------
Container D5 
