
----------
Container D1 

First Frame Detected: 1594501135.5304582

Data 	 Time Detect 	 Time Decode 	 Diff Time  	 Before Data 	 Diff Before Detection 
2 	 1594501137.588728 	 1594501137.5910444 	 0.0023164749145507812 	 1 	 1.1457676887512207
3 	 1594501139.5293272 	 1594501139.5313573 	 0.0020301342010498047 	 2 	 1.0986313819885254
4 	 1594501141.5097144 	 1594501141.5130296 	 0.0033152103424072266 	 3 	 1.139162540435791
5 	 1594501143.4539254 	 1594501143.4559245 	 0.0019991397857666016 	 4 	 1.099400520324707
6 	 1594501145.533829 	 1594501145.536409 	 0.002579927444458008 	 5 	 1.131253719329834
7 	 1594501147.486978 	 1594501147.489613 	 0.0026350021362304688 	 6 	 1.1127879619598389
8 	 1594501149.4579053 	 1594501149.460313 	 0.0024077892303466797 	 7 	 1.0159425735473633
9 	 1594501151.5161974 	 1594501151.5184107 	 0.0022132396697998047 	 8 	 1.1068344116210938
10 	 1594501153.461119 	 1594501153.4633737 	 0.0022547245025634766 	 9 	 1.1065869331359863

----------
Container D2 

First Frame Detected: 1594501136.511551

Data 	 Time Detect 	 Time Decode 	 Diff Time  	 Before Data 	 Diff Before Detection 
4 	 1594501141.5797582 	 1594501141.5820632 	 0.0023050308227539062 	 2 	 3.1072957515716553
5 	 1594501143.5242682 	 1594501143.52662 	 0.0023517608642578125 	 4 	 1.107593059539795
6 	 1594501145.602037 	 1594501145.6049607 	 0.002923727035522461 	 5 	 1.1258702278137207
7 	 1594501147.5577343 	 1594501147.559991 	 0.002256631851196289 	 6 	 1.1126456260681152
8 	 1594501149.5214443 	 1594501149.5237632 	 0.002318859100341797 	 7 	 1.1210906505584717
9 	 1594501151.5773497 	 1594501151.579423 	 0.0020732879638671875 	 8 	 1.10740327835083
10 	 1594501153.5216248 	 1594501153.5241876 	 0.0025627613067626953 	 9 	 1.1081891059875488

----------
Container D3 

First Frame Detected: 1594501136.577616

Data 	 Time Detect 	 Time Decode 	 Diff Time  	 Before Data 	 Diff Before Detection 
3 	 1594501139.586485 	 1594501139.5884676 	 0.0019826889038085938 	 2 	 1.038949966430664
4 	 1594501141.5741835 	 1594501141.5857852 	 0.011601686477661133 	 3 	 1.10471773147583
5 	 1594501143.5501761 	 1594501143.5520873 	 0.001911163330078125 	 4 	 1.1077513694763184
6 	 1594501145.6293344 	 1594501145.631885 	 0.0025506019592285156 	 5 	 1.1247470378875732
7 	 1594501147.6629064 	 1594501147.685982 	 0.023075580596923828 	 6 	 1.187668800354004
8 	 1594501149.6307738 	 1594501149.633198 	 0.0024242401123046875 	 7 	 1.1887967586517334
9 	 1594501151.6472158 	 1594501151.6492648 	 0.002048969268798828 	 8 	 1.1523444652557373
10 	 1594501153.5890913 	 1594501153.5919068 	 0.0028154850006103516 	 9 	 1.09661865234375

----------
Container D4 

First Frame Detected: 1594501135.7741473

Data 	 Time Detect 	 Time Decode 	 Diff Time  	 Before Data 	 Diff Before Detection 
3 	 1594501139.6996286 	 1594501139.7016141 	 0.0019855499267578125 	 2 	 1.1524183750152588
4 	 1594501141.6456265 	 1594501141.6477635 	 0.0021369457244873047 	 3 	 1.0299055576324463
5 	 1594501143.6841767 	 1594501143.6978984 	 0.013721704483032227 	 4 	 1.2100372314453125
6 	 1594501145.5999246 	 1594501145.6173255 	 0.01740097999572754 	 5 	 1.0573053359985352
7 	 1594501147.6770127 	 1594501147.6884346 	 0.011421918869018555 	 6 	 1.192978858947754
8 	 1594501149.6261952 	 1594501149.6286306 	 0.002435445785522461 	 7 	 1.0521669387817383
9 	 1594501151.6435325 	 1594501151.6564322 	 0.012899637222290039 	 8 	 1.1682865619659424
10 	 1594501153.6549947 	 1594501153.6579084 	 0.0029137134552001953 	 9 	 1.1332073211669922

----------
Container D5 
