
----------
Container D1 

First Frame Detected: 1594501292.4143221

Data 	 Time Detect 	 Time Decode 	 Diff Time  	 Before Data 	 Diff Before Detection 
2 	 1594501294.355083 	 1594501294.3577075 	 0.00262451171875 	 1 	 1.116760492324829
3 	 1594501296.397829 	 1594501296.3997886 	 0.001959562301635742 	 2 	 1.0972516536712646
4 	 1594501298.4418383 	 1594501298.443943 	 0.0021047592163085938 	 3 	 1.205946445465088
5 	 1594501300.37156 	 1594501300.3736684 	 0.002108335494995117 	 4 	 1.0949852466583252
6 	 1594501302.416504 	 1594501302.4188726 	 0.0023686885833740234 	 5 	 1.0955376625061035
7 	 1594501304.4541557 	 1594501304.4561305 	 0.001974821090698242 	 6 	 1.2015535831451416
8 	 1594501306.3827534 	 1594501306.3848834 	 0.0021300315856933594 	 7 	 1.0912227630615234
9 	 1594501308.4267457 	 1594501308.4300706 	 0.0033249855041503906 	 8 	 1.096064805984497
10 	 1594501310.3605723 	 1594501310.3626037 	 0.0020313262939453125 	 9 	 1.094883918762207

----------
Container D2 

First Frame Detected: 1594501292.46325

Data 	 Time Detect 	 Time Decode 	 Diff Time  	 Before Data 	 Diff Before Detection 
3 	 1594501296.445184 	 1594501296.4474149 	 0.0022308826446533203 	 2 	 1.0956957340240479
4 	 1594501298.4916513 	 1594501298.4937515 	 0.002100229263305664 	 3 	 1.0962259769439697
5 	 1594501300.4241521 	 1594501300.4333498 	 0.009197711944580078 	 4 	 1.1032280921936035
6 	 1594501302.474148 	 1594501302.47605 	 0.001901865005493164 	 5 	 1.0937180519104004
7 	 1594501304.4064975 	 1594501304.408531 	 0.0020334720611572266 	 6 	 1.0950779914855957
8 	 1594501306.4561443 	 1594501306.4585602 	 0.002415895462036133 	 7 	 1.0987727642059326
9 	 1594501308.4986537 	 1594501308.5014358 	 0.002782106399536133 	 8 	 1.2068870067596436
10 	 1594501310.4355514 	 1594501310.4374785 	 0.0019271373748779297 	 9 	 1.0995874404907227

----------
Container D3 

First Frame Detected: 1594501292.6369784

Data 	 Time Detect 	 Time Decode 	 Diff Time  	 Before Data 	 Diff Before Detection 
3 	 1594501296.537508 	 1594501296.539524 	 0.0020160675048828125 	 2 	 1.091156244277954
4 	 1594501298.5031044 	 1594501298.5179496 	 0.014845132827758789 	 3 	 1.1442344188690186
5 	 1594501300.5556636 	 1594501300.5582867 	 0.0026230812072753906 	 4 	 1.180138111114502
6 	 1594501302.4776492 	 1594501302.479573 	 0.0019237995147705078 	 5 	 1.0442626476287842
7 	 1594501304.4682324 	 1594501304.470249 	 0.0020165443420410156 	 6 	 1.1247684955596924
8 	 1594501306.5387135 	 1594501306.5407393 	 0.0020258426666259766 	 7 	 1.2025692462921143
9 	 1594501308.5349464 	 1594501308.5372946 	 0.002348184585571289 	 8 	 1.1073663234710693
10 	 1594501310.4880784 	 1594501310.49038 	 0.0023016929626464844 	 9 	 1.09090256690979

----------
Container D4 

First Frame Detected: 1594501292.5965703

Data 	 Time Detect 	 Time Decode 	 Diff Time  	 Before Data 	 Diff Before Detection 
2 	 1594501294.559545 	 1594501294.5616946 	 0.0021495819091796875 	 1 	 1.0920355319976807
3 	 1594501296.508079 	 1594501296.5101607 	 0.002081632614135742 	 2 	 1.0899925231933594
4 	 1594501298.5068228 	 1594501298.5089831 	 0.002160310745239258 	 3 	 1.0256717205047607
5 	 1594501300.5587494 	 1594501300.5609322 	 0.0021827220916748047 	 4 	 1.0743026733398438
6 	 1594501302.5905886 	 1594501302.5925043 	 0.0019156932830810547 	 5 	 1.1593194007873535
7 	 1594501304.5806398 	 1594501304.5827386 	 0.0020987987518310547 	 6 	 1.1040098667144775
8 	 1594501306.5506563 	 1594501306.5527887 	 0.002132415771484375 	 7 	 1.094240427017212
9 	 1594501308.5102756 	 1594501308.512504 	 0.0022284984588623047 	 8 	 1.0931813716888428
10 	 1594501310.5626166 	 1594501310.564765 	 0.0021483898162841797 	 9 	 1.0927526950836182

----------
Container D5 
