
----------
Container D1 

First Frame Detected: 1594501378.0941267

Data 	 Time Detect 	 Time Decode 	 Diff Time  	 Before Data 	 Diff Before Detection 
3 	 1594501381.1309984 	 1594501381.1339254 	 0.002927064895629883 	 2 	 1.1130609512329102
4 	 1594501383.101879 	 1594501383.1058412 	 0.003962278366088867 	 3 	 1.1332457065582275
5 	 1594501385.162778 	 1594501385.1647732 	 0.0019953250885009766 	 4 	 1.1021857261657715
6 	 1594501387.1177459 	 1594501387.120395 	 0.002649068832397461 	 5 	 1.116910457611084
7 	 1594501389.0880167 	 1594501389.0902936 	 0.002276897430419922 	 6 	 1.1156342029571533
8 	 1594501391.16889 	 1594501391.1711674 	 0.002277374267578125 	 7 	 1.1165547370910645
9 	 1594501393.1157491 	 1594501393.1187532 	 0.0030040740966796875 	 8 	 1.1061820983886719
10 	 1594501395.0854878 	 1594501395.0895863 	 0.004098415374755859 	 9 	 1.1237831115722656

----------
Container D2 

First Frame Detected: 1594501378.1393442

Data 	 Time Detect 	 Time Decode 	 Diff Time  	 Before Data 	 Diff Before Detection 
3 	 1594501381.180787 	 1594501381.1836474 	 0.0028603076934814453 	 2 	 1.1219255924224854
4 	 1594501383.1674116 	 1594501383.1706982 	 0.003286600112915039 	 3 	 1.1406548023223877
5 	 1594501385.2172968 	 1594501385.2192814 	 0.0019845962524414062 	 4 	 1.206857442855835
6 	 1594501387.1666064 	 1594501387.1694767 	 0.002870321273803711 	 5 	 1.1125776767730713
7 	 1594501389.122252 	 1594501389.1244416 	 0.00218963623046875 	 6 	 1.1064112186431885
8 	 1594501391.1987004 	 1594501391.2015548 	 0.0028543472290039062 	 7 	 1.1141698360443115
9 	 1594501393.1638377 	 1594501393.166036 	 0.0021982192993164062 	 8 	 1.1185884475708008
10 	 1594501395.1409318 	 1594501395.1444278 	 0.003495931625366211 	 9 	 1.1286499500274658

----------
Container D3 

First Frame Detected: 1594501378.1942573

Data 	 Time Detect 	 Time Decode 	 Diff Time  	 Before Data 	 Diff Before Detection 
3 	 1594501381.2409341 	 1594501381.2439644 	 0.0030303001403808594 	 2 	 1.1151213645935059
4 	 1594501383.1969895 	 1594501383.1996236 	 0.0026340484619140625 	 3 	 1.1203148365020752
5 	 1594501385.2403014 	 1594501385.2423518 	 0.0020503997802734375 	 4 	 1.0939791202545166
6 	 1594501387.178255 	 1594501387.1857224 	 0.0074672698974609375 	 5 	 1.109084129333496
7 	 1594501389.2325149 	 1594501389.2350705 	 0.0025556087493896484 	 6 	 1.0959270000457764
8 	 1594501391.1790297 	 1594501391.1813998 	 0.002370119094848633 	 7 	 1.1067030429840088
10 	 1594501395.223746 	 1594501395.2263052 	 0.002559185028076172 	 8 	 3.0950987339019775

----------
Container D4 

First Frame Detected: 1594501377.3238332

Data 	 Time Detect 	 Time Decode 	 Diff Time  	 Before Data 	 Diff Before Detection 
2 	 1594501379.2502983 	 1594501379.253228 	 0.0029296875 	 1 	 1.1054539680480957
3 	 1594501381.2273047 	 1594501381.2497096 	 0.022404909133911133 	 2 	 1.101649284362793
4 	 1594501383.2463186 	 1594501383.2493904 	 0.0030717849731445312 	 3 	 1.1314637660980225
5 	 1594501385.2909148 	 1594501385.2929807 	 0.002065896987915039 	 4 	 1.1689071655273438
6 	 1594501387.2392812 	 1594501387.2506986 	 0.011417388916015625 	 5 	 1.0998320579528809
7 	 1594501389.305645 	 1594501389.3076527 	 0.002007722854614258 	 6 	 1.161867380142212
8 	 1594501391.2893724 	 1594501391.2915902 	 0.0022177696228027344 	 7 	 1.0800185203552246
9 	 1594501393.266278 	 1594501393.2689466 	 0.002668619155883789 	 8 	 1.087587594985962
10 	 1594501395.2729275 	 1594501395.2757068 	 0.002779245376586914 	 9 	 1.1097369194030762

----------
Container D5 
