
----------
Container D1 

First Frame Detected: 1594501560.6520145

Data 	 Time Detect 	 Time Decode 	 Diff Time  	 Before Data 	 Diff Before Detection 
3 	 1594501563.6489658 	 1594501563.651118 	 0.0021522045135498047 	 2 	 1.1441080570220947
4 	 1594501565.7068853 	 1594501565.709262 	 0.002376556396484375 	 3 	 1.1919114589691162
5 	 1594501567.6476948 	 1594501567.6497157 	 0.0020208358764648438 	 4 	 1.0406913757324219
6 	 1594501569.7290623 	 1594501569.7316856 	 0.002623319625854492 	 5 	 1.120412826538086
7 	 1594501571.6978226 	 1594501571.6999805 	 0.002157926559448242 	 6 	 1.1225087642669678
8 	 1594501573.7448044 	 1594501573.7477489 	 0.002944469451904297 	 7 	 1.1844379901885986
9 	 1594501575.6946154 	 1594501575.6990423 	 0.0044269561767578125 	 8 	 1.1928791999816895
10 	 1594501577.733735 	 1594501577.7359579 	 0.002222776412963867 	 9 	 1.1469523906707764

----------
Container D2 

First Frame Detected: 1594501560.6873834

Data 	 Time Detect 	 Time Decode 	 Diff Time  	 Before Data 	 Diff Before Detection 
3 	 1594501563.7638073 	 1594501563.7669668 	 0.0031595230102539062 	 2 	 1.1357240676879883
4 	 1594501565.6927762 	 1594501565.7108307 	 0.018054485321044922 	 3 	 1.0720510482788086
5 	 1594501567.7423263 	 1594501567.744304 	 0.001977682113647461 	 4 	 1.1451551914215088
6 	 1594501569.7098386 	 1594501569.7128816 	 0.003042936325073242 	 5 	 1.121922492980957
7 	 1594501571.6783197 	 1594501571.6804879 	 0.0021681785583496094 	 6 	 1.1193249225616455
8 	 1594501573.7486408 	 1594501573.7510016 	 0.002360820770263672 	 7 	 1.0880942344665527
9 	 1594501575.6832767 	 1594501575.6979964 	 0.014719724655151367 	 8 	 1.0648891925811768
10 	 1594501577.7367208 	 1594501577.7388837 	 0.002162933349609375 	 9 	 1.1550815105438232

----------
Container D3 

First Frame Detected: 1594501560.777907

Data 	 Time Detect 	 Time Decode 	 Diff Time  	 Before Data 	 Diff Before Detection 
3 	 1594501563.7759783 	 1594501563.7790482 	 0.0030698776245117188 	 2 	 1.1074669361114502
4 	 1594501565.7453163 	 1594501565.757405 	 0.012088775634765625 	 3 	 1.0532841682434082
5 	 1594501567.758017 	 1594501567.7600043 	 0.0019872188568115234 	 4 	 1.0576114654541016
6 	 1594501569.8390872 	 1594501569.8568888 	 0.017801523208618164 	 5 	 1.1636769771575928
7 	 1594501571.797346 	 1594501571.7994685 	 0.0021224021911621094 	 6 	 1.1657817363739014
8 	 1594501573.7776203 	 1594501573.7798083 	 0.002187967300415039 	 7 	 1.0432274341583252
9 	 1594501575.7866101 	 1594501575.7956085 	 0.008998394012451172 	 8 	 1.0613787174224854
10 	 1594501577.8462334 	 1594501577.8483725 	 0.0021390914916992188 	 9 	 1.1106808185577393

----------
Container D4 

First Frame Detected: 1594501559.8534954

Data 	 Time Detect 	 Time Decode 	 Diff Time  	 Before Data 	 Diff Before Detection 
2 	 1594501561.767331 	 1594501561.781746 	 0.01441502571105957 	 1 	 1.024519443511963
3 	 1594501563.8001797 	 1594501563.8028796 	 0.0026998519897460938 	 2 	 1.024172306060791
4 	 1594501565.8066082 	 1594501565.8090007 	 0.0023925304412841797 	 3 	 1.1521267890930176
5 	 1594501567.781612 	 1594501567.8063354 	 0.024723529815673828 	 4 	 1.1274030208587646
6 	 1594501569.8286824 	 1594501569.8311222 	 0.002439737319946289 	 5 	 1.1567761898040771
7 	 1594501571.8387551 	 1594501571.8416889 	 0.0029337406158447266 	 6 	 1.133863925933838
8 	 1594501573.846205 	 1594501573.8484337 	 0.0022287368774414062 	 7 	 1.1378154754638672
9 	 1594501575.8572598 	 1594501575.8601334 	 0.002873659133911133 	 8 	 1.1487383842468262
10 	 1594501577.8485448 	 1594501577.8507202 	 0.0021753311157226562 	 9 	 1.137587547302246

----------
Container D5 
