
----------
Container D1 

First Frame Detected: 1594501637.7980027

Data 	 Time Detect 	 Time Decode 	 Diff Time  	 Before Data 	 Diff Before Detection 
3 	 1594501640.8334484 	 1594501640.8358757 	 0.002427339553833008 	 2 	 1.1037168502807617
4 	 1594501642.8028905 	 1594501642.8052506 	 0.002360105514526367 	 3 	 1.1267261505126953
5 	 1594501644.8763638 	 1594501644.8789017 	 0.002537965774536133 	 4 	 1.204157829284668
6 	 1594501646.7830486 	 1594501646.7851086 	 0.0020599365234375 	 5 	 1.0369651317596436
7 	 1594501648.8827193 	 1594501648.885184 	 0.002464771270751953 	 6 	 1.138920783996582
8 	 1594501650.7938092 	 1594501650.7963665 	 0.0025572776794433594 	 7 	 1.056300401687622
9 	 1594501652.8097482 	 1594501652.813012 	 0.003263711929321289 	 8 	 1.0349926948547363
10 	 1594501654.831289 	 1594501654.8336916 	 0.0024025440216064453 	 9 	 1.1704835891723633

----------
Container D2 

First Frame Detected: 1594501636.892915

Data 	 Time Detect 	 Time Decode 	 Diff Time  	 Before Data 	 Diff Before Detection 
2 	 1594501638.9239855 	 1594501638.926706 	 0.0027205944061279297 	 1 	 1.1215436458587646
3 	 1594501640.8663552 	 1594501640.8685696 	 0.0022144317626953125 	 2 	 1.1052064895629883
4 	 1594501642.9304602 	 1594501642.9331315 	 0.0026712417602539062 	 3 	 1.1108269691467285
5 	 1594501644.890011 	 1594501644.8930082 	 0.002997159957885742 	 4 	 1.0946507453918457
6 	 1594501646.890333 	 1594501646.8932285 	 0.0028955936431884766 	 5 	 1.1461186408996582
7 	 1594501648.8725026 	 1594501648.8748085 	 0.0023059844970703125 	 6 	 1.13934326171875
8 	 1594501650.9032984 	 1594501650.9061255 	 0.002827167510986328 	 7 	 1.162130355834961
9 	 1594501652.9183345 	 1594501652.9205449 	 0.002210378646850586 	 8 	 1.145944356918335
10 	 1594501654.9416885 	 1594501654.943836 	 0.0021474361419677734 	 9 	 1.1659855842590332

----------
Container D3 

First Frame Detected: 1594501637.0473254

Data 	 Time Detect 	 Time Decode 	 Diff Time  	 Before Data 	 Diff Before Detection 
3 	 1594501640.961241 	 1594501640.9639266 	 0.002685546875 	 2 	 1.1093101501464844
4 	 1594501642.9478254 	 1594501642.953223 	 0.0053975582122802734 	 3 	 1.134251594543457
5 	 1594501644.9488823 	 1594501644.9628303 	 0.01394796371459961 	 4 	 1.130004644393921
6 	 1594501646.9047253 	 1594501646.9126856 	 0.007960319519042969 	 5 	 1.1013610363006592
7 	 1594501648.9824514 	 1594501648.9849086 	 0.002457141876220703 	 6 	 1.1183967590332031
8 	 1594501650.9284616 	 1594501650.9430842 	 0.014622688293457031 	 7 	 1.1106820106506348
9 	 1594501652.925037 	 1594501652.9387465 	 0.013709545135498047 	 8 	 1.1414897441864014
10 	 1594501654.918035 	 1594501654.9201856 	 0.0021505355834960938 	 9 	 1.1264293193817139

----------
Container D4 

First Frame Detected: 1594501637.0557091

Data 	 Time Detect 	 Time Decode 	 Diff Time  	 Before Data 	 Diff Before Detection 
2 	 1594501638.9592595 	 1594501638.96141 	 0.0021505355834960938 	 1 	 1.1370015144348145
3 	 1594501640.9796603 	 1594501640.9868438 	 0.007183551788330078 	 2 	 1.1425580978393555
4 	 1594501642.9794874 	 1594501642.9832184 	 0.0037310123443603516 	 3 	 1.1188626289367676
5 	 1594501645.014587 	 1594501645.017161 	 0.0025739669799804688 	 4 	 1.1591403484344482
6 	 1594501646.9431288 	 1594501646.9451435 	 0.002014636993408203 	 5 	 1.0928030014038086
7 	 1594501649.027206 	 1594501649.0295439 	 0.002337932586669922 	 6 	 1.1223981380462646
8 	 1594501651.0141041 	 1594501651.0162942 	 0.002190113067626953 	 7 	 1.127871036529541
9 	 1594501653.0012157 	 1594501653.0033927 	 0.002177000045776367 	 8 	 1.1292965412139893
10 	 1594501654.9495332 	 1594501654.952675 	 0.0031418800354003906 	 9 	 1.1045584678649902

----------
Container D5 
