
----------
Container D1 

First Frame Detected: 1594501711.9723816

Data 	 Time Detect 	 Time Decode 	 Diff Time  	 Before Data 	 Diff Before Detection 
3 	 1594501715.9387054 	 1594501715.9406712 	 0.001965761184692383 	 2 	 1.0942697525024414
4 	 1594501717.8730955 	 1594501717.8750303 	 0.0019347667694091797 	 3 	 1.0972907543182373
5 	 1594501719.9361188 	 1594501719.9386997 	 0.002580881118774414 	 4 	 1.1055989265441895
6 	 1594501721.8692756 	 1594501721.8720791 	 0.0028035640716552734 	 5 	 1.0975878238677979
7 	 1594501723.942534 	 1594501723.9452212 	 0.002687215805053711 	 6 	 1.1185574531555176
8 	 1594501725.8924308 	 1594501725.8948772 	 0.002446413040161133 	 7 	 1.1082806587219238
9 	 1594501727.8611681 	 1594501727.8636327 	 0.0024645328521728516 	 8 	 1.0096840858459473
10 	 1594501729.9283526 	 1594501729.9307084 	 0.002355813980102539 	 9 	 1.1094310283660889

----------
Container D2 

First Frame Detected: 1594501712.9155946

Data 	 Time Detect 	 Time Decode 	 Diff Time  	 Before Data 	 Diff Before Detection 
3 	 1594501715.9171727 	 1594501715.919093 	 0.0019202232360839844 	 2 	 1.0999336242675781
4 	 1594501717.967982 	 1594501717.9700224 	 0.002040386199951172 	 3 	 1.1021397113800049
5 	 1594501719.9142358 	 1594501719.9162843 	 0.002048492431640625 	 4 	 1.1017332077026367
6 	 1594501721.9606304 	 1594501721.962622 	 0.0019915103912353516 	 5 	 1.0944163799285889
7 	 1594501723.9129298 	 1594501723.9151623 	 0.0022325515747070312 	 6 	 1.1169044971466064
8 	 1594501726.8752203 	 1594501726.8788295 	 0.003609180450439453 	 7 	 2.006195545196533
9 	 1594501727.9407232 	 1594501727.9429505 	 0.002227306365966797 	 8 	 1.0641210079193115
10 	 1594501730.0036576 	 1594501730.006295 	 0.0026373863220214844 	 9 	 1.108917474746704

----------
Container D3 

First Frame Detected: 1594501712.0560164

Data 	 Time Detect 	 Time Decode 	 Diff Time  	 Before Data 	 Diff Before Detection 
3 	 1594501716.0441146 	 1594501716.0461583 	 0.0020437240600585938 	 2 	 1.1425962448120117
4 	 1594501718.0499272 	 1594501718.052165 	 0.0022377967834472656 	 3 	 1.1445517539978027
5 	 1594501719.9822242 	 1594501719.9847598 	 0.002535581588745117 	 4 	 1.0486118793487549
6 	 1594501721.9890816 	 1594501722.000923 	 0.011841297149658203 	 5 	 1.1588518619537354
7 	 1594501724.0377529 	 1594501724.0402806 	 0.0025277137756347656 	 6 	 1.167417287826538
8 	 1594501725.966428 	 1594501725.9695654 	 0.003137350082397461 	 7 	 1.0560863018035889
9 	 1594501728.0491207 	 1594501728.0512123 	 0.002091646194458008 	 8 	 1.2006499767303467
10 	 1594501729.9868531 	 1594501729.9970095 	 0.010156393051147461 	 9 	 1.0737667083740234

----------
Container D4 

First Frame Detected: 1594501712.0786386

Data 	 Time Detect 	 Time Decode 	 Diff Time  	 Before Data 	 Diff Before Detection 
3 	 1594501716.0390894 	 1594501716.04917 	 0.010080575942993164 	 2 	 1.1479284763336182
4 	 1594501718.0426748 	 1594501718.0573506 	 0.01467585563659668 	 3 	 1.1451976299285889
5 	 1594501720.091215 	 1594501720.0932865 	 0.0020716190338134766 	 4 	 1.1603307723999023
6 	 1594501722.105492 	 1594501722.1074874 	 0.0019953250885009766 	 5 	 1.148949146270752
7 	 1594501724.0465055 	 1594501724.0487602 	 0.0022547245025634766 	 6 	 1.0616438388824463
8 	 1594501726.0698233 	 1594501726.0732627 	 0.0034394264221191406 	 7 	 1.154038667678833
9 	 1594501728.0430892 	 1594501728.057408 	 0.01431894302368164 	 8 	 1.0762460231781006
10 	 1594501730.1022139 	 1594501730.110752 	 0.008538246154785156 	 9 	 1.1806449890136719

----------
Container D5 
