
----------
Container D1 

First Frame Detected: 1594501783.864912

Data 	 Time Detect 	 Time Decode 	 Diff Time  	 Before Data 	 Diff Before Detection 
2 	 1594501785.8941216 	 1594501785.896161 	 0.0020394325256347656 	 1 	 1.0949115753173828
3 	 1594501787.832768 	 1594501787.8347604 	 0.001992464065551758 	 2 	 1.1006386280059814
4 	 1594501789.883278 	 1594501789.885323 	 0.002045154571533203 	 3 	 1.1003377437591553
5 	 1594501791.8257837 	 1594501791.829051 	 0.0032672882080078125 	 4 	 1.1013643741607666
6 	 1594501793.8813126 	 1594501793.8833442 	 0.002031564712524414 	 5 	 1.1019797325134277
7 	 1594501795.8271358 	 1594501795.829773 	 0.002637147903442383 	 6 	 1.1079826354980469
8 	 1594501797.904322 	 1594501797.9067056 	 0.002383708953857422 	 7 	 1.1242506504058838
9 	 1594501799.8624115 	 1594501799.8644702 	 0.002058744430541992 	 8 	 1.1107594966888428
10 	 1594501801.8129966 	 1594501801.8157732 	 0.002776622772216797 	 9 	 1.1120455265045166

----------
Container D2 

First Frame Detected: 1594501783.9202259

Data 	 Time Detect 	 Time Decode 	 Diff Time  	 Before Data 	 Diff Before Detection 
2 	 1594501785.9288766 	 1594501785.9309833 	 0.0021066665649414062 	 1 	 1.1002607345581055
3 	 1594501787.8763952 	 1594501787.8788834 	 0.0024881362915039062 	 2 	 1.1036336421966553
4 	 1594501789.9272823 	 1594501789.929307 	 0.0020246505737304688 	 3 	 1.1011078357696533
5 	 1594501791.8608766 	 1594501791.8629034 	 0.002026796340942383 	 4 	 1.0954265594482422
6 	 1594501793.9094245 	 1594501793.9115443 	 0.002119779586791992 	 5 	 1.0992965698242188
7 	 1594501795.963862 	 1594501795.9660265 	 0.002164602279663086 	 6 	 1.2178258895874023
8 	 1594501797.9269304 	 1594501797.930631 	 0.0037004947662353516 	 7 	 1.1272406578063965
9 	 1594501799.876756 	 1594501799.8796391 	 0.0028831958770751953 	 8 	 1.1078767776489258
10 	 1594501801.9438396 	 1594501801.946021 	 0.002181529998779297 	 9 	 1.1119837760925293

----------
Container D3 

First Frame Detected: 1594501784.9495246

Data 	 Time Detect 	 Time Decode 	 Diff Time  	 Before Data 	 Diff Before Detection 
3 	 1594501787.9885335 	 1594501787.990603 	 0.0020694732666015625 	 2 	 1.0961973667144775
4 	 1594501789.9372728 	 1594501789.9397628 	 0.0024900436401367188 	 3 	 1.1020770072937012
5 	 1594501791.981619 	 1594501791.9836411 	 0.002022266387939453 	 4 	 1.093139410018921
6 	 1594501793.9253016 	 1594501793.9273329 	 0.0020313262939453125 	 5 	 1.0932567119598389
7 	 1594501795.992349 	 1594501795.994499 	 0.0021500587463378906 	 6 	 1.1012670993804932
8 	 1594501798.006885 	 1594501798.0250468 	 0.018161773681640625 	 7 	 1.1856064796447754
9 	 1594501799.9445317 	 1594501799.9624677 	 0.017935991287231445 	 8 	 1.0619137287139893
10 	 1594501802.003642 	 1594501802.0195687 	 0.015926599502563477 	 9 	 1.1984150409698486

----------
Container D4 

First Frame Detected: 1594501784.1346655

Data 	 Time Detect 	 Time Decode 	 Diff Time  	 Before Data 	 Diff Before Detection 
3 	 1594501788.0242093 	 1594501788.0262911 	 0.0020818710327148438 	 2 	 1.0935344696044922
4 	 1594501789.9780293 	 1594501789.9800572 	 0.0020279884338378906 	 3 	 1.094285011291504
5 	 1594501792.044545 	 1594501792.046569 	 0.0020241737365722656 	 4 	 1.0942552089691162
6 	 1594501793.9964473 	 1594501793.998523 	 0.002075672149658203 	 5 	 1.1062462329864502
7 	 1594501795.9635582 	 1594501795.9786234 	 0.015065193176269531 	 6 	 1.1290297508239746
8 	 1594501798.0110435 	 1594501798.0132918 	 0.0022482872009277344 	 7 	 1.059903860092163
9 	 1594501800.0682173 	 1594501800.070724 	 0.002506732940673828 	 8 	 1.1695988178253174
10 	 1594501802.0071032 	 1594501802.0093193 	 0.0022161006927490234 	 9 	 1.073063850402832

----------
Container D5 
