
----------
Container D1 

First Frame Detected: 1594501872.9117815

Data 	 Time Detect 	 Time Decode 	 Diff Time  	 Before Data 	 Diff Before Detection 
3 	 1594501876.8303034 	 1594501876.8330615 	 0.002758026123046875 	 2 	 1.106752872467041
4 	 1594501878.9167037 	 1594501878.9196541 	 0.002950429916381836 	 3 	 1.2398414611816406
5 	 1594501880.7821352 	 1594501880.785221 	 0.0030858516693115234 	 4 	 1.1219992637634277
6 	 1594501882.8590827 	 1594501882.861196 	 0.00211334228515625 	 5 	 1.114983320236206
7 	 1594501884.8137712 	 1594501884.8158922 	 0.0021209716796875 	 6 	 1.1125810146331787
8 	 1594501886.798251 	 1594501886.8005624 	 0.0023114681243896484 	 7 	 1.1262130737304688
9 	 1594501888.883866 	 1594501888.886327 	 0.002460956573486328 	 8 	 1.1263301372528076
10 	 1594501890.8481283 	 1594501890.8530896 	 0.004961252212524414 	 9 	 1.1219708919525146

----------
Container D2 

First Frame Detected: 1594501872.882073

Data 	 Time Detect 	 Time Decode 	 Diff Time  	 Before Data 	 Diff Before Detection 
3 	 1594501876.9256475 	 1594501876.928363 	 0.002715587615966797 	 2 	 1.1164391040802002
4 	 1594501878.9206991 	 1594501878.9252868 	 0.004587650299072266 	 3 	 1.1345343589782715
5 	 1594501880.920669 	 1594501880.92322 	 0.002550840377807617 	 4 	 1.114311933517456
6 	 1594501882.8863194 	 1594501882.8889654 	 0.0026459693908691406 	 5 	 1.1137943267822266
7 	 1594501884.8344045 	 1594501884.836979 	 0.002574443817138672 	 6 	 1.1103360652923584
8 	 1594501886.841773 	 1594501886.844615 	 0.002841949462890625 	 7 	 1.1355538368225098
9 	 1594501888.8196573 	 1594501888.8245578 	 0.004900455474853516 	 8 	 1.0215299129486084
10 	 1594501890.9070947 	 1594501890.9091866 	 0.0020918846130371094 	 9 	 1.1184418201446533

----------
Container D3 

First Frame Detected: 1594501873.0352836

Data 	 Time Detect 	 Time Decode 	 Diff Time  	 Before Data 	 Diff Before Detection 
3 	 1594501876.9408758 	 1594501876.9437568 	 0.0028810501098632812 	 2 	 1.147108554840088
4 	 1594501878.931299 	 1594501878.9349706 	 0.0036716461181640625 	 3 	 1.118283987045288
5 	 1594501880.9501271 	 1594501880.9524996 	 0.0023725032806396484 	 4 	 1.134993314743042
6 	 1594501882.8744204 	 1594501882.8768954 	 0.0024750232696533203 	 5 	 1.0252399444580078
7 	 1594501884.9288456 	 1594501884.946025 	 0.017179250717163086 	 6 	 1.0662801265716553
8 	 1594501886.8741565 	 1594501886.8763142 	 0.0021576881408691406 	 7 	 1.0375242233276367
9 	 1594501888.9600427 	 1594501888.9779444 	 0.01790165901184082 	 8 	 1.2144238948822021
10 	 1594501890.9691095 	 1594501890.9758325 	 0.006722927093505859 	 9 	 1.1079819202423096

----------
Container D4 

First Frame Detected: 1594501873.0069983

Data 	 Time Detect 	 Time Decode 	 Diff Time  	 Before Data 	 Diff Before Detection 
2 	 1594501875.81243 	 1594501875.8165348 	 0.0041048526763916016 	 1 	 1.9303197860717773
3 	 1594501877.8106978 	 1594501877.8241684 	 0.013470649719238281 	 2 	 2.007633686065674
4 	 1594501878.9685574 	 1594501878.9714692 	 0.002911806106567383 	 3 	 1.1473007202148438
5 	 1594501880.966707 	 1594501880.9772494 	 0.01054239273071289 	 4 	 1.119217872619629
6 	 1594501882.9842012 	 1594501882.9871247 	 0.0029234886169433594 	 5 	 1.135014533996582
7 	 1594501884.9347088 	 1594501884.9442677 	 0.009558916091918945 	 6 	 1.0627555847167969
8 	 1594501886.995616 	 1594501887.010102 	 0.014486074447631836 	 7 	 1.1649320125579834
9 	 1594501888.9725065 	 1594501888.9750643 	 0.0025577545166015625 	 8 	 1.0855257511138916
10 	 1594501890.9920802 	 1594501891.0067744 	 0.0146942138671875 	 9 	 1.1491363048553467

----------
Container D5 
