
----------
Container D1 

First Frame Detected: 1594501971.212734

Data 	 Time Detect 	 Time Decode 	 Diff Time  	 Before Data 	 Diff Before Detection 
2 	 1594501973.2367253 	 1594501973.2388365 	 0.002111196517944336 	 1 	 1.1059849262237549
3 	 1594501975.1729488 	 1594501975.1749716 	 0.0020227432250976562 	 2 	 1.0983576774597168
4 	 1594501977.2189603 	 1594501977.2209778 	 0.002017498016357422 	 3 	 1.0969562530517578
5 	 1594501979.154696 	 1594501979.1565769 	 0.0018808841705322266 	 4 	 1.100346565246582
6 	 1594501981.207507 	 1594501981.2095098 	 0.0020029544830322266 	 5 	 1.1042568683624268
7 	 1594501983.2491941 	 1594501983.2512252 	 0.002031087875366211 	 6 	 1.2046663761138916
8 	 1594501985.1841917 	 1594501985.1861742 	 0.001982450485229492 	 7 	 1.098846435546875
9 	 1594501987.2285488 	 1594501987.2305098 	 0.0019609928131103516 	 8 	 1.092829704284668
10 	 1594501989.1645844 	 1594501989.1665528 	 0.0019683837890625 	 9 	 1.098073959350586

----------
Container D2 

First Frame Detected: 1594501971.3513904

Data 	 Time Detect 	 Time Decode 	 Diff Time  	 Before Data 	 Diff Before Detection 
3 	 1594501975.2535408 	 1594501975.2555275 	 0.0019867420196533203 	 2 	 1.098602533340454
4 	 1594501977.300971 	 1594501977.3035777 	 0.002606630325317383 	 3 	 1.205397129058838
5 	 1594501979.2396684 	 1594501979.2417388 	 0.0020704269409179688 	 4 	 1.0962343215942383
6 	 1594501981.2965305 	 1594501981.298512 	 0.001981496810913086 	 5 	 1.1021735668182373
7 	 1594501983.2315571 	 1594501983.2340047 	 0.0024476051330566406 	 6 	 1.0972418785095215
8 	 1594501985.2826388 	 1594501985.284668 	 0.0020291805267333984 	 7 	 1.103989601135254
9 	 1594501987.230644 	 1594501987.2331877 	 0.0025436878204345703 	 8 	 1.1112258434295654
10 	 1594501989.2897065 	 1594501989.2926385 	 0.0029320716857910156 	 9 	 1.098390817642212

----------
Container D3 

First Frame Detected: 1594501972.2892282

Data 	 Time Detect 	 Time Decode 	 Diff Time  	 Before Data 	 Diff Before Detection 
3 	 1594501975.3602483 	 1594501975.3625941 	 0.0023458003997802734 	 2 	 1.1512978076934814
4 	 1594501977.3024638 	 1594501977.3045094 	 0.0020456314086914062 	 3 	 1.0906550884246826
5 	 1594501979.3535926 	 1594501979.3554742 	 0.0018815994262695312 	 4 	 1.2000038623809814
6 	 1594501981.2914238 	 1594501981.3061488 	 0.014724969863891602 	 5 	 1.1092643737792969
7 	 1594501983.351808 	 1594501983.3539605 	 0.0021524429321289062 	 6 	 1.1997981071472168
8 	 1594501985.303245 	 1594501985.3173943 	 0.014149188995361328 	 7 	 1.1041195392608643
9 	 1594501987.3547556 	 1594501987.3632505 	 0.008494853973388672 	 8 	 1.208388328552246
10 	 1594501989.3005583 	 1594501989.3026438 	 0.002085447311401367 	 9 	 1.0901927947998047

----------
Container D4 

First Frame Detected: 1594501971.4703982

Data 	 Time Detect 	 Time Decode 	 Diff Time  	 Before Data 	 Diff Before Detection 
3 	 1594501975.3571885 	 1594501975.3590722 	 0.0018837451934814453 	 2 	 1.145669937133789
4 	 1594501977.3486571 	 1594501977.3508031 	 0.002146005630493164 	 3 	 1.104433536529541
5 	 1594501979.3999383 	 1594501979.404073 	 0.004134654998779297 	 4 	 1.201735258102417
6 	 1594501981.3599327 	 1594501981.3634367 	 0.003504037857055664 	 5 	 1.1111171245574951
7 	 1594501983.3959098 	 1594501983.40368 	 0.0077702999114990234 	 6 	 1.206244707107544
8 	 1594501985.3323147 	 1594501985.334487 	 0.002172231674194336 	 7 	 1.093930721282959
9 	 1594501987.3917959 	 1594501987.4025283 	 0.010732412338256836 	 8 	 1.20997953414917
10 	 1594501989.3308628 	 1594501989.3337488 	 0.002886056900024414 	 9 	 1.09417724609375

----------
Container D5 
